beam fit:
      amplitude: 5.009e-04 (+1.215e-04 / -1.003e-04)
             ra: 212.04201637 deg (+0.013835 / -0.015188 arcsec)
            dec: -41.39805300 deg (+0.011137 / -0.011362 arcsec)
        flux_jy: 5.009e-04 +/- 1.109e-04
